$ANSIBLE_VAULT;1.1;AES256
38633565323835623766643330623666363837373361653436636261303737376436636234636262
6537646263666231343938316464393836353335326333330a393634623631306238353234613461
37323763663661393632656132663261643339306366333133633533363036653636643762363136
3036386135306437370a636232356538373331616530323161666562396335663436616533643133
30393438313934643837386433353038646639323835386534373532323565326338323236333064
39373137646536363939613461393164313363343464666663313836636533646462323439613862
33643735356532366434663133616531383535353931666161326332366332306432383666376539
64363032323837666139373562346662663732633362333361383732633137383332666466636464
34306537343437623966363431613163343133333861343336333834353062653333323637363165
64306232613930376238343061393139323937663430616139383963613066393662626564316331
31313165333637333135313830316161633238333831356465396637343639663163653065383262
31393563313832633162343433353739303239613135353366653864393435316130366464623036
35323034663661353634376634386363376531336439316266386334633134396534373261616538
3232666234623263343630383565353466653164323461346335
