$ANSIBLE_VAULT;1.1;AES256
64643637366535363131653763303865373833326165313331306362353438616562616164383965
6666333938303139346633313434303336653663333433370a613364323666636366383462626536
66396664373534653834326233396637343066646635653561366565313634363264386230333862
6262396533363864660a616634373635383237333231663566663335656364613161633335303030
62666431303338656535646131643739643834666139363330363235346436363932366337303239
62336133396331323061633564306466656131626363653130356234376433626133656235376461
35643137623931353366643762333635666231636235313338313162376439346362333432333762
65643436646133316565616462653764333862363239653762376431663734333236333064363737
38326664663433623963376164653566383837383032303734343031633866356133363235303339
31666236383638396465353030653762636662356266303036303164306436356461636535353365
61393265333731303533386435346663613661633061666664316135626566656537326662323830
62323961626435356566623938666636316534653464336165306663366564323639323332633834
3732
