$ANSIBLE_VAULT;1.1;AES256
65623338303537643439313830353331356135613366653939323131656534356566373665376334
3436363963656435663462376532383364316139316661390a363434653338356233333330613831
37616361666663363036376164373633353063303038663838666166623762613133373337656461
6233353431306138610a633031343562613462623239653636653761363239663338376164363532
38313064636164663561323435343163376431333032326135336633336164653861646463376138
32306233373530396438366536653535306165396437363432316262613665663737313066346439
31653864313431663364386436346638666636306463623666613433343235663235373933306438
39653834366532343832393666626165346431363730626234636331306362646130396436633836
31643565646662373731616237343766626133376338393565643531323561316330666136386136
35303966386165333134323464626631323230353530353539633264383365306164326362343664
39373236363531656666393433663738346636346232666364366235326662343432643436346439
39646462323262393433643334353266396335663764646338636665633535346161626462306630
31333966613732336364656236366230313662643034326462386139336139383834343339636635
3135376662393434383263373264653766646262313638653765
